dofile('..\\DATA\\SCRIPTS\\QLog.lua')
qlog("gvar: timestamp : " .. gvar.get("timestamp"))
qlog("gvar: time : " .. gvar.get("time"))
qlog("gvar: logtoconsole : " .. gvar.get("logtoconsole"), 1)
qlog("gvar: logtochat : " .. gvar.get("logtochat"), 0)

local to_rain = iif.Le(gvar.get("time"),1425)

if to_rain == 1 then --Checks if the time is before or equal to 14:25. If true, the below scene will play.

duration = 3000
qlog('Current time before 1426...', 1)
qlog('Loading default entities...', 1)
entities =
{
	{
		entity_name = "ambi_Layer_li_01_city_Day",
		type = SCENE,
		template_name = "",
		lt_grp = 0,
		srt_grp = 0,
		usr_flg = 0,
		spatialprops =
		{
			pos = { 0, 0, 0 },
			orient =
			{
				{ 1, 0, 0 },
				{ 0, 1, 0 },
				{ 0, 0, 1 }
			}
		},
		up = Y_AXIS,
		front = Z_AXIS,
		ambient = { 0, 0, 0 }
	},
	{
		entity_name = "ambi_skydome_sky_vrtx_blue",
		type = COMPOUND,
		template_name = "skydome_sky_vrtx_blue",
		lt_grp = 23,
		srt_grp = -100,
		usr_flg = 2,
		flags = HIDDEN + LIT_DYNAMIC,
		spatialprops =
		{
			pos = { 0, 0, 2000 },
			orient =
			{
				{ 1, 0, 0 },
				{ 0, 1, 0 },
				{ 0, 0, 1 }
			}
		},
		userprops =
		{
			category = "Prop",
			nofog = "Y"
		}
	},
	{
		entity_name = "ambi_skydome_clouds_thin",
		type = COMPOUND,
		template_name = "skydome_clouds_thin",
		lt_grp = 21,
		srt_grp = -80,
		usr_flg = 2,
		flags = HIDDEN + LIT_DYNAMIC + LIT_AMBIENT,
		spatialprops =
		{
			pos = { 0, 500, 2000 },
			orient =
			{
				{ 1, 0, 0 },
				{ 0, 1, 0 },
				{ 0, 0, 1 }
			}
		},
		userprops =
		{
			category = "Prop",
			NoFog = "Y"
		}
	},
	{
		entity_name = "ambi_skydome_clouds_snow",
		type = COMPOUND,
		template_name = "skydome_clouds_snow",
		lt_grp = 22,
		srt_grp = -90,
		usr_flg = 2,
		flags = HIDDEN + LIT_DYNAMIC + LIT_AMBIENT,
		spatialprops =
		{
			pos = { 0, 0, 0 },
			orient =
			{
				{ 0.856571, 0, 0.51603 },
				{ 0, 1, 0 },
				{ -0.51603, 0, 0.856571 }
			}
		},
		userprops =
		{
			category = "Prop",
			nofog = "Y"
		}
	},
	{
		entity_name = "gf_rtc_shipcushion_1",
		type = PSYS,
		template_name = "PlayerShipHover",
		lt_grp = 0,
		srt_grp = 0,
		usr_flg = 0,
		flags = LIT_DYNAMIC + LIT_AMBIENT,
		spatialprops =
		{
			pos = { 0, 0, 0 },
			orient =
			{
				{ 1, 0, 0 },
				{ 0, 1, 0 },
				{ 0, 0, 1 }
			}
		},
		psysprops =
		{
			sparam = 0
		}
	},
	{
		entity_name = "Marker_Shipcushion",
		type = MARKER,
		template_name = "",
		lt_grp = 0,
		srt_grp = 0,
		usr_flg = 0,
		spatialprops =
		{
			pos = { 57.198235, 0.01599, -64.136986 },
			orient =
			{
				{ -0.98794, 0, 0.154836 },
				{ 0, 1, 0 },
				{ -0.154836, 0, -0.98794 }
			}
		}
	},
	{
		entity_name = "ambi_LtG23_Point_Sky",
		type = LIGHT,
		template_name = "",
		lt_grp = 23,
		srt_grp = 0,
		usr_flg = 0,
		spatialprops =
		{
			pos = { 13.129874, 0, -0.620008 },
			orient =
			{
				{ 1, 0, 0 },
				{ 0, 1, 0 },
				{ 0, 0, 1 }
			}
		},
		lightprops =
		{
			on = Y,
			color = { 255, 255, 255 },
			diffuse = { 0.113725, 0.109804, 0.168627 },
			specular = { 0, 0, 0 },
			ambient = { 0, 0, 0 },
			direction = { 0, 0, 1 },
			range = 100000,
			cutoff = 98.999977,
			type = L_POINT,
			theta = 90,
			atten = { 1, 0, 0 }
		}
	},
	{
		entity_name = "ambi_LtG12_Direct_Mntns",
		type = LIGHT,
		template_name = "",
		lt_grp = 12,
		srt_grp = 0,
		usr_flg = 0,
		spatialprops =
		{
			pos = { 10.280353, 0, -0.02069 },
			orient =
			{
				{ -0.999938, 0, -0.01112 },
				{ 0, 1, -2.4e-005 },
				{ 0.01112, -2.4e-005, -0.999938 }
			}
		},
		lightprops =
		{
			on = Y,
			color = { 255, 255, 255 },
			diffuse = { 0.329412, 0.321569, 0.376471 },
			specular = { 0, 0, 0 },
			ambient = { 0.121569, 0.121569, 0.121569 },
			direction = { 0, 0, 1 },
			range = 10000,
			cutoff = 98.999977,
			type = L_DIRECT,
			theta = 90,
			atten = { 1, 0, 0 }
		}
	},
	{
		entity_name = "ambi_LtG00_Direct_Sun_02",
		type = LIGHT,
		template_name = "",
		lt_grp = 0,
		srt_grp = 0,
		usr_flg = 0,
		spatialprops =
		{
			pos = { 3.913689, 0, -0.556919 },
			orient =
			{
				{ 0.98757, 0, 0.157183 },
				{ -0.093083, 0.805792, 0.584838 },
				{ -0.126657, -0.592199, 0.795775 }
			}
		},
		lightprops =
		{
			on = Y,
			color = { 255, 255, 255 },
			diffuse = { 1, 0.776471, 0.439216 },
			specular = { 0, 0, 0 },
			ambient = { 0, 0, 0 },
			direction = { 0, 0, 1 },
			range = 100000,
			cutoff = 98.999977,
			type = L_DIRECT,
			theta = 90,
			atten = { 1, 0, 0 }
		}
	},
	{
		entity_name = "ambi_LtG00_Direct_Sky",
		type = LIGHT,
		template_name = "",
		lt_grp = 0,
		srt_grp = 0,
		usr_flg = 0,
		spatialprops =
		{
			pos = { 3.5326, 0, 0 },
			orient =
			{
				{ -0.727378, -0.11786, -0.67604 },
				{ 0.136285, 0.940708, -0.310637 },
				{ 0.672568, -0.318085, -0.668188 }
			}
		},
		lightprops =
		{
			on = Y,
			color = { 255, 255, 255 },
			diffuse = { 0.603922, 0.54902, 0.694118 },
			specular = { 0, 0, 0 },
			ambient = { 0, 0, 0 },
			direction = { 0, 0, 1 },
			range = 100000,
			cutoff = 98.999977,
			type = L_DIRECT,
			theta = 90,
			atten = { 1, 0, 0 }
		}
	},
	{
		entity_name = "ambi_LtG00_Direct_Sun_01",
		type = LIGHT,
		template_name = "",
		lt_grp = 0,
		srt_grp = 0,
		usr_flg = 0,
		spatialprops =
		{
			pos = { 4.088887, 0, 0 },
			orient =
			{
				{ 0.426056, 0, 0.904697 },
				{ -0.312081, 0.938619, 0.146971 },
				{ -0.849165, -0.344956, 0.399904 }
			}
		},
		lightprops =
		{
			on = Y,
			color = { 255, 255, 255 },
			diffuse = { 1, 0.929412, 0.819608 },
			specular = { 0, 0, 0 },
			ambient = { 0, 0, 0 },
			direction = { 0, 0, 1 },
			range = 100000,
			cutoff = 98.999977,
			type = L_DIRECT,
			theta = 90,
			atten = { 1, 0, 0 }
		}
	},
	{
		entity_name = "ambi_LtG11_Direct_Skylines",
		type = LIGHT,
		template_name = "",
		lt_grp = 11,
		srt_grp = 0,
		usr_flg = 0,
		spatialprops =
		{
			pos = { 5.754497, 0, 0.249986 },
			orient =
			{
				{ -0.567765, 0, -0.823191 },
				{ 0.279241, 0.940708, -0.192596 },
				{ 0.774382, -0.339218, -0.534101 }
			}
		},
		lightprops =
		{
			on = Y,
			color = { 255, 255, 255 },
			diffuse = { 0, 0, 0 },
			specular = { 0, 0, 0 },
			ambient = { 0.721569, 0.686275, 0.811765 },
			direction = { 0, 0, 1 },
			range = 100000,
			cutoff = 98.999977,
			type = L_DIRECT,
			theta = 90,
			atten = { 1, 0, 0 }
		}
	},
	{
		entity_name = "ambi_LtG09_Direct_City",
		type = LIGHT,
		template_name = "",
		lt_grp = 9,
		srt_grp = 0,
		usr_flg = 0,
		spatialprops =
		{
			pos = { 7.542086, 0, 0.104819 },
			orient =
			{
				{ 0.328521, 0, 0.944497 },
				{ -0.267294, 0.959119, 0.092972 },
				{ -0.905885, -0.283002, 0.315091 }
			}
		},
		lightprops =
		{
			on = Y,
			color = { 255, 255, 255 },
			diffuse = { 0.984314, 0.886275, 0.694118 },
			specular = { 0, 0, 0 },
			ambient = { 0.529412, 0.47451, 0.592157 },
			direction = { 0, 0, 1 },
			range = 100000,
			cutoff = 98.999977,
			type = L_DIRECT,
			theta = 90,
			atten = { 1, 0, 0 }
		}
	},
	{
		entity_name = "ambi_LtG12_Spot_mnts",
		type = LIGHT,
		template_name = "",
		lt_grp = 12,
		srt_grp = 0,
		usr_flg = 0,
		spatialprops =
		{
			pos = { -3.011788, -1.529636, 2005.994019 },
			orient =
			{
				{ -0.916659, 0.008088, -0.399589 },
				{ -0.023467, 0.996981, 0.074014 },
				{ 0.398981, 0.077223, -0.913702 }
			}
		},
		lightprops =
		{
			on = Y,
			color = { 255, 255, 255 },
			diffuse = { 0.87451, 0.811765, 0.733333 },
			specular = { 0, 0, 0 },
			ambient = { 0, 0, 0 },
			direction = { 0, 0, 1 },
			range = 100000,
			cutoff = 9.999987,
			type = L_SPOT,
			theta = 1,
			atten = { 1, 0, 0 }
		}
	},
	{
		entity_name = "ambi_LtG22_Point_CloudsSnow",
		type = LIGHT,
		template_name = "",
		lt_grp = 22,
		srt_grp = 0,
		usr_flg = 0,
		spatialprops =
		{
			pos = { 12.435475, 0, -0.669469 },
			orient =
			{
				{ 1, 0, 0 },
				{ 0, 1, 0 },
				{ 0, 0, 1 }
			}
		},
		lightprops =
		{
			on = Y,
			color = { 255, 255, 255 },
			diffuse = { 0.345098, 0.301961, 0.435294 },
			specular = { 0, 0, 0 },
			ambient = { 0, 0, 0 },
			direction = { 0, 0, 1 },
			range = 100000,
			cutoff = 98.999977,
			type = L_POINT,
			theta = 90,
			atten = { 1, 0, 0 }
		}
	},
	{
		entity_name = "ambi_LtG21_Point_CloudsThin",
		type = LIGHT,
		template_name = "",
		lt_grp = 21,
		srt_grp = 0,
		usr_flg = 0,
		spatialprops =
		{
			pos = { 11.546644, 0, -0.732781 },
			orient =
			{
				{ 1, 0, 0 },
				{ 0, 1, 0 },
				{ 0, 0, 1 }
			}
		},
		lightprops =
		{
			on = Y,
			color = { 255, 255, 255 },
			diffuse = { 0.137255, 0.094118, 0.156863 },
			specular = { 0, 0, 0 },
			ambient = { 0, 0, 0 },
			direction = { 0, 0, 1 },
			range = 100000,
			cutoff = 98.999977,
			type = L_POINT,
			theta = 90,
			atten = { 1, 0, 0 }
		}
	},
	{
		entity_name = "ambi_LtG03_Direct_City_Sky",
		type = LIGHT,
		template_name = "",
		lt_grp = 3,
		srt_grp = 0,
		usr_flg = 0,
		spatialprops =
		{
			pos = { 3.46879, 0, -2.263844 },
			orient =
			{
				{ -0.727378, -0.11786, -0.67604 },
				{ -0.175055, 0.984417, 0.016726 },
				{ 0.663534, 0.13051, -0.736675 }
			}
		},
		lightprops =
		{
			on = Y,
			color = { 255, 255, 255 },
			diffuse = { 0.356863, 0.301961, 0.447059 },
			specular = { 0, 0, 0 },
			ambient = { 0, 0, 0 },
			direction = { 0, 0, 1 },
			range = 100000,
			cutoff = 98.999977,
			type = L_DIRECT,
			theta = 90,
			atten = { 1, 0, 0 }
		}
	},
	{
		entity_name = "ambi_LtG03_Direct_City_Sun_01",
		type = LIGHT,
		template_name = "",
		lt_grp = 3,
		srt_grp = 0,
		usr_flg = 0,
		spatialprops =
		{
			pos = { 4.00609, 0, -2.903967 },
			orient =
			{
				{ 0.426056, 0, 0.904697 },
				{ -0.312081, 0.938619, 0.146971 },
				{ -0.849165, -0.344956, 0.399904 }
			}
		},
		lightprops =
		{
			on = Y,
			color = { 255, 255, 255 },
			diffuse = { 1, 0.94902, 0.835294 },
			specular = { 0, 0, 0 },
			ambient = { 0, 0, 0 },
			direction = { 0, 0, 1 },
			range = 100000,
			cutoff = 98.999977,
			type = L_DIRECT,
			theta = 90,
			atten = { 1, 0, 0 }
		}
	},
	{
		entity_name = "ambi_LtG03_Direct_City_Sun_02",
		type = LIGHT,
		template_name = "",
		lt_grp = 3,
		srt_grp = 0,
		usr_flg = 0,
		spatialprops =
		{
			pos = { 3.558776, 0, -3.449848 },
			orient =
			{
				{ 0.98903, 0.001731, -0.147706 },
				{ 0.017204, 0.991777, 0.126819 },
				{ 0.146711, -0.127969, 0.980867 }
			}
		},
		lightprops =
		{
			on = Y,
			color = { 255, 255, 255 },
			diffuse = { 0.87451, 0.776471, 0.619608 },
			specular = { 0, 0, 0 },
			ambient = { 0, 0, 0 },
			direction = { 0, 0, 1 },
			range = 100000,
			cutoff = 98.999977,
			type = L_DIRECT,
			theta = 90,
			atten = { 1, 0, 0 }
		}
	},
	{
		entity_name = "ambi_LtG23_Spot_Sky_Splash",
		type = LIGHT,
		template_name = "",
		lt_grp = 23,
		srt_grp = 0,
		usr_flg = 0,
		spatialprops =
		{
			pos = { -3.011788, -1.529636, 2005.994019 },
			orient =
			{
				{ -0.904383, 0.006898, -0.426665 },
				{ 0.023343, 0.999172, -0.033324 },
				{ 0.426082, -0.040098, -0.903795 }
			}
		},
		lightprops =
		{
			on = Y,
			color = { 255, 255, 255 },
			diffuse = { 0.658824, 0.690196, 0.741176 },
			specular = { 0, 0, 0 },
			ambient = { 0, 0, 0 },
			direction = { 0, 0, 1 },
			range = 100000,
			cutoff = 60,
			type = L_SPOT,
			theta = 9.999996,
			atten = { 1, 0, 0 }
		}
	},
	{
		entity_name = "ambi_LtG21_Spot_Clouds_Splash",
		type = LIGHT,
		template_name = "",
		lt_grp = 21,
		srt_grp = 0,
		usr_flg = 0,
		spatialprops =
		{
			pos = { -3.011788, -1.529636, 2005.994019 },
			orient =
			{
				{ -0.916659, 0.008088, -0.399589 },
				{ -0.023467, 0.996981, 0.074014 },
				{ 0.398981, 0.077223, -0.913702 }
			}
		},
		lightprops =
		{
			on = Y,
			color = { 255, 255, 255 },
			diffuse = { 0.356863, 0.27451, 0.168627 },
			specular = { 0, 0, 0 },
			ambient = { 0, 0, 0 },
			direction = { 0, 0, 1 },
			range = 100000,
			cutoff = 69.999992,
			type = L_SPOT,
			theta = 9.999996,
			atten = { 1, 0, 0 }
		}
	},
	{
		entity_name = "SET_LtG09_li_01_Cityscape",
		type = COMPOUND,
		template_name = "li_01_cityscape",
		lt_grp = 9,
		srt_grp = 0,
		usr_flg = 0,
		flags = REFERENCE + LIT_DYNAMIC,
		spatialprops =
		{
			pos = { 0, 0, 0 },
			orient =
			{
				{ 1, 0, 0 },
				{ 0, 1, 0 },
				{ 0, 0, 1 }
			}
		}
	},
	{
		entity_name = "ambi_LtG12_Spot_mnts_copy_1",
		type = LIGHT,
		template_name = "",
		lt_grp = 12,
		srt_grp = 0,
		usr_flg = 0,
		spatialprops =
		{
			pos = { -3.011788, -1.529636, 2005.994019 },
			orient =
			{
				{ -0.098147, 0.163507, -0.981648 },
				{ -0.144859, 0.973557, 0.176642 },
				{ 0.984573, 0.159538, -0.071867 }
			}
		},
		lightprops =
		{
			on = Y,
			color = { 255, 255, 255 },
			diffuse = { 0.713726, 0.588235, 0.827451 },
			specular = { 0, 0, 0 },
			ambient = { 0, 0, 0 },
			direction = { 0, 0, 1 },
			range = 200000,
			cutoff = 54.999996,
			type = L_SPOT,
			theta = 1,
			atten = { 1, 0, 2e-010 }
		}
	}
}

qlog('Setting up default timeline...')
events =
{
	{
		0,
		ATTACH_ENTITY,
		{
			"gf_rtc_shipcushion_1",
			"Marker_Shipcushion"
		},
		{
			duration = 900,
			offset = { 0, 0, 0 },
			up = Y_AXIS,
			front = NEG_Z_AXIS,
			target_part = "",
			target_type = ROOT,
			flags = POSITION + ORIENTATION
		}
	},
	{
		0,
		START_PSYS,
		{
			"gf_rtc_shipcushion_1"
		},
		{
			duration = 900
		}
	},
	{
		0,
		START_SPATIAL_PROP_ANIM,
		{
			"ambi_skydome_clouds_snow"
		},
		{
			duration = 3000,
			target_type = ROOT,
			spatialprops =
			{
				axisrot =
				{
					360,
					Y_AXIS
				}
			},
			param_curve =
			{
				CLSID = "FreeFormPCurve",
				points =
				{
					{ 0, 0, 0, 1 },
					{ 1, 1, 0.882353, 0 }
				}
			},
			pcurve_period = 1000000
		}
	},
	{
		0,
		START_SPATIAL_PROP_ANIM,
		{
			"ambi_skydome_clouds_thin"
		},
		{
			duration = 3000,
			target_type = ROOT,
			spatialprops =
			{
				axisrot =
				{
					360,
					Y_AXIS
				}
			},
			param_curve =
			{
				CLSID = "FreeFormPCurve",
				points =
				{
					{ 0, 0, 0, 1 },
					{ 1, 1, 0.882353, 0 }
				}
			},
			pcurve_period = 1000000
		}
	},
	{
		0,
		START_MOTION,
		{
			"SET_LtG09_li_01_Cityscape"
		},
		{
			animation = "Sc_li_01_manhattan_cityscape",
			duration = 100000,
			time_scale = 1,
			weight = 1,
			trans_scale = 1,
			event_flags = 2
		}
	},
	{
		0,
		START_FOG_PROP_ANIM,
		{
			"ambi_Layer_li_01_city_Day"
		},
		{
			duration = 0,
			fogprops =
			{
				fogon = Y,
				fogcolor = { 75, 67, 52 },
				fogmode = F_LINEAR,
				fogstart = 6000,
				fogend = 35000.101563,
				fogdensity = 0
			}
		}
	}
}


elseif to_rain == 0 then --Checks if the time is after to 14:25. If true, the below scene will play (with rain!).

duration = 3000
qlog('Current time after 1425...', 1)
qlog('Loading alternate entities...', 1)
entities =
{
	{
		entity_name = "ambi_Layer_li_01_city_Day",
		type = SCENE,
		template_name = "",
		lt_grp = 0,
		srt_grp = 0,
		usr_flg = 0,
		spatialprops =
		{
			pos = { 0, 0, 0 },
			orient =
			{
				{ 1, 0, 0 },
				{ 0, 1, 0 },
				{ 0, 0, 1 }
			}
		},
		up = Y_AXIS,
		front = Z_AXIS,
		ambient = { 0, 0, 0 }
	},
	{
		entity_name = "ambi_skydome_sky_cloud_gray",
		type = COMPOUND,
		template_name = "skydome_sky_storm_gray",
		lt_grp = 23,
		srt_grp = -100,
		usr_flg = 2,
		flags = HIDDEN + LIT_DYNAMIC,
		spatialprops =
		{
			pos = { 0, 0, 2000 },
			orient =
			{
				{ 1, 0, 0 },
				{ 0, 1, 0 },
				{ 0, 0, 1 }
			}
		},
		userprops =
		{
			category = "Prop",
			nofog = "Y"
		}
	},
	{
		entity_name = "ambi_skydome_clouds_thin",
		type = COMPOUND,
		template_name = "skydome_clouds_storm",
		lt_grp = 21,
		srt_grp = -80,
		usr_flg = 2,
		flags = HIDDEN + LIT_DYNAMIC + LIT_AMBIENT,
		spatialprops =
		{
			pos = { 0, 500, 2000 },
			orient =
			{
				{ 1, 0, 0 },
				{ 0, 1, 0 },
				{ 0, 0, 1 }
			}
		},
		userprops =
		{
			category = "Prop",
			NoFog = "Y"
		}
	},
	{
		entity_name = "ambi_skydome_clouds_snow",
		type = COMPOUND,
		template_name = "skydome_clouds_storm_dark",
		lt_grp = 22,
		srt_grp = -90,
		usr_flg = 2,
		flags = HIDDEN + LIT_DYNAMIC + LIT_AMBIENT,
		spatialprops =
		{
			pos = { 0, 0, 0 },
			orient =
			{
				{ 0.856571, 0, 0.51603 },
				{ 0, 1, 0 },
				{ -0.51603, 0, 0.856571 }
			}
		},
		userprops =
		{
			category = "Prop",
			nofog = "Y"
		}
	},
	{
		entity_name = "gf_rtc_shipcushion_1",
		type = PSYS,
		template_name = "PlayerShipHover",
		lt_grp = 0,
		srt_grp = 0,
		usr_flg = 0,
		flags = LIT_DYNAMIC + LIT_AMBIENT,
		spatialprops =
		{
			pos = { 0, 0, 0 },
			orient =
			{
				{ 1, 0, 0 },
				{ 0, 1, 0 },
				{ 0, 0, 1 }
			}
		},
		psysprops =
		{
			sparam = 0
		}
	},
	{
		entity_name = "Marker_Shipcushion",
		type = MARKER,
		template_name = "",
		lt_grp = 0,
		srt_grp = 0,
		usr_flg = 0,
		spatialprops =
		{
			pos = { 57.198235, 0.01599, -64.136986 },
			orient =
			{
				{ -0.98794, 0, 0.154836 },
				{ 0, 1, 0 },
				{ -0.154836, 0, -0.98794 }
			}
		}
	},
	{
		entity_name = "ambi_LtG12_Direct_Mntns",
		type = LIGHT,
		template_name = "",
		lt_grp = 12,
		srt_grp = 0,
		usr_flg = 0,
		spatialprops =
		{
			pos = { 10.280353, 0, -0.02069 },
			orient =
			{
				{ -0.999938, 0, -0.01112 },
				{ 0, 1, -2.4e-005 },
				{ 0.01112, -2.4e-005, -0.999938 }
			}
		},
		lightprops =
		{
			on = Y,
			color = { 255, 255, 255 },
			diffuse = { 0.129412, 0.121569, 0.176471 },
			specular = { 0, 0, 0 },
			ambient = { 0.011569, 0.011569, 0.011569 },
			direction = { 0, 0, 1 },
			range = 10000,
			cutoff = 98.999977,
			type = L_DIRECT,
			theta = 90,
			atten = { 0, 1, 0 }
		}
	},

	{
		entity_name = "ambi_LtG00_Direct_Sun_01",
		type = LIGHT,
		template_name = "",
		lt_grp = 0,
		srt_grp = 0,
		usr_flg = 0,
		spatialprops =
		{
			pos = { 4.088887, 0, 0 },
			orient =
			{
				{ 0.426056, 0, 0.904697 },
				{ -0.312081, 0.938619, 0.146971 },
				{ -0.849165, -0.344956, 0.399904 }
			}
		},
		lightprops =
		{
			on = Y,
			color = { 200, 200, 200 },
			diffuse = { 1, 0.929412, 0.819608 },
			specular = { 0, 0, 0 },
			ambient = { 0, 0, 0 },
			direction = { 0, 0, 1 },
			range = 100000,
			cutoff = 98.999977,
			type = L_DIRECT,
			theta = 90,
			atten = { 1, 0, 0 }
		}
	},
	{
		entity_name = "ambi_LtG11_Direct_Skylines",
		type = LIGHT,
		template_name = "",
		lt_grp = 11,
		srt_grp = 0,
		usr_flg = 0,
		spatialprops =
		{
			pos = { 5.754497, 0, 0.249986 },
			orient =
			{
				{ -0.567765, 0, -0.823191 },
				{ 0.279241, 0.940708, -0.192596 },
				{ 0.774382, -0.339218, -0.534101 }
			}
		},
		lightprops =
		{
			on = Y,
			color = { 150, 150, 140 },
			diffuse = { 0, 0, 0 },
			specular = { 0, 0, 0 },
			ambient = { 0.321569, 0.386275, 0.311765 },
			direction = { 0, 0, 1 },
			range = 100000,
			cutoff = 98.999977,
			type = L_DIRECT,
			theta = 90,
			atten = { 1, 0, 0 }
		}
	},
	{
		entity_name = "ambi_LtG09_Direct_City",
		type = LIGHT,
		template_name = "",
		lt_grp = 9,
		srt_grp = 0,
		usr_flg = 0,
		spatialprops =
		{
			pos = { 7.542086, 0, 0.104819 },
			orient =
			{
				{ 0.328521, 0, 0.944497 },
				{ -0.267294, 0.959119, 0.092972 },
				{ -0.905885, -0.283002, 0.315091 }
			}
		},
		lightprops =
		{
			on = Y,
			color = { 100, 100, 100 },
			diffuse = { 0.984314, 0.886275, 0.694118 },
			specular = { 0, 0, 0 },
			ambient = { 0.19412, 0.17451, 0.192157 },
			direction = { 0, 0, 1 },
			range = 100000,
			cutoff = 98.999977,
			type = L_DIRECT,
			theta = 90,
			atten = { 1, 0, 0 }
		}
	},
		{
		entity_name = "rtc_cityscape_rain2_1",
		type = PSYS,
		template_name = "rtc_cityscape_rain2",
		lt_grp = 0,
		srt_grp = 0,
		usr_flg = 0,
		flags = LIT_DYNAMIC + LIT_AMBIENT,
		spatialprops =
		{
			pos = { -15.579147, 254.664246, 94.755455 },
			orient =
			{
				{ 0.979973, -0.002331, 0.199114 },
				{ 0.008304, 0.99954, -0.029168 },
				{ -0.198955, 0.030238, 0.979542 }
			}
		},
		psysprops =
		{
			sparam = 0
		},
		userprops =
		{
			Priority = "Weather_FX_1"
		}
	},
	{
		entity_name = "rtc_cityscape_rain2_2",
		type = PSYS,
		template_name = "rtc_cityscape_rain2",
		lt_grp = 0,
		srt_grp = 0,
		usr_flg = 0,
		flags = LIT_DYNAMIC + LIT_AMBIENT,
		spatialprops =
		{
			pos = { 55.792168, 207.983597, -198.015594 },
			orient =
			{
				{ 0.79211, 0, 0.610379 },
				{ 0, 1, 0 },
				{ -0.610379, 0, 0.79211 }
			}
		},
		psysprops =
		{
			sparam = 0
		},
		userprops =
		{
			Priority = "Weather_FX_1"
		}
	},
	{
		entity_name = "rtc_cityscape_rain2_3",
		type = PSYS,
		template_name = "rtc_cityscape_rain2",
		lt_grp = 0,
		srt_grp = 0,
		usr_flg = 0,
		flags = LIT_DYNAMIC + LIT_AMBIENT,
		spatialprops =
		{
			pos = { -253.996933, 207.983597, -243.046173 },
			orient =
			{
				{ 0.997679, 0, 0.068097 },
				{ 0, 1, 0 },
				{ -0.068097, 0, 0.997679 }
			}
		},
		psysprops =
		{
			sparam = 0
		},
		userprops =
		{
			Priority = "Weather_FX_1"
		}
	},
	{
		entity_name = "Audio_Rain",
		type = SOUND,
		template_name = "ambience_weather_rain",
		lt_grp = 0,
		srt_grp = 0,
		usr_flg = 0,
		flags = SPATIAL,
		spatialprops =
		{
   pos = { 59.658787, 56.31464, 97.572746 },
			orient =
			{
				{ 1, 0, 0 },
				{ 0, 1, 0 },
				{ 0, 0, 1 }
			}
		},
		audioprops =
		{
			attenuation = 0,
			pan = 0,
			dmin = 30,
			dmax = 250,
			ain = 360,
			aout = 360,
			atout = 0,
			rmix = 0
		},
		userprops =
		{
			category = "Audio"
		}
	},
	{
		entity_name = "ambi_LtG22_Point_CloudsSnow",
		type = LIGHT,
		template_name = "",
		lt_grp = 22,
		srt_grp = 0,
		usr_flg = 0,
		spatialprops =
		{
			pos = { 12.435475, 0, -0.669469 },
			orient =
			{
				{ 1, 0, 0 },
				{ 0, 1, 0 },
				{ 0, 0, 1 }
			}
		},
		lightprops =
		{
			on = Y,
			color = { 255, 255, 255 },
			diffuse = { 0.345098, 0.301961, 0.435294 },
			specular = { 0, 0, 0 },
			ambient = { 0, 0, 0 },
			direction = { 0, 0, 1 },
			range = 100000,
			cutoff = 98.999977,
			type = L_POINT,
			theta = 90,
			atten = { 1, 0, 0 }
		}
	},
	{
		entity_name = "ambi_LtG21_Point_CloudsThin",
		type = LIGHT,
		template_name = "",
		lt_grp = 21,
		srt_grp = 0,
		usr_flg = 0,
		spatialprops =
		{
			pos = { 11.546644, 0, -0.732781 },
			orient =
			{
				{ 1, 0, 0 },
				{ 0, 1, 0 },
				{ 0, 0, 1 }
			}
		},
		lightprops =
		{
			on = Y,
			color = { 255, 255, 255 },
			diffuse = { 0.137255, 0.094118, 0.156863 },
			specular = { 0, 0, 0 },
			ambient = { 0, 0, 0 },
			direction = { 0, 0, 1 },
			range = 100000,
			cutoff = 98.999977,
			type = L_POINT,
			theta = 90,
			atten = { 1, 0, 0 }
		}
	},
	{
		entity_name = "ambi_LtG03_Direct_City_Sky",
		type = LIGHT,
		template_name = "",
		lt_grp = 3,
		srt_grp = 0,
		usr_flg = 0,
		spatialprops =
		{
			pos = { 3.46879, 0, -2.263844 },
			orient =
			{
				{ -0.727378, -0.11786, -0.67604 },
				{ -0.175055, 0.984417, 0.016726 },
				{ 0.663534, 0.13051, -0.736675 }
			}
		},
		lightprops =
		{
			on = Y,
			color = { 200, 200, 200 },
			diffuse = { 0.356863, 0.301961, 0.447059 },
			specular = { 0, 0, 0 },
			ambient = { 0, 0, 0 },
			direction = { 0, 0, 1 },
			range = 100000,
			cutoff = 98.999977,
			type = L_DIRECT,
			theta = 90,
			atten = { 1, 0, 0 }
		}
	},
	{
		entity_name = "ambi_LtG03_Direct_City_Sun_01",
		type = LIGHT,
		template_name = "",
		lt_grp = 3,
		srt_grp = 0,
		usr_flg = 0,
		spatialprops =
		{
			pos = { 4.00609, 0, -2.903967 },
			orient =
			{
				{ 0.426056, 0, 0.904697 },
				{ -0.312081, 0.938619, 0.146971 },
				{ -0.849165, -0.344956, 0.399904 }
			}
		},
		lightprops =
		{
			on = Y,
			color = { 150, 150, 150 },
			diffuse = { 1, 0.94902, 0.835294 },
			specular = { 0, 0, 0 },
			ambient = { 0, 0, 0 },
			direction = { 0, 0, 1 },
			range = 100000,
			cutoff = 98.999977,
			type = L_DIRECT,
			theta = 90,
			atten = { 1, 0, 0 }
		}
	},
	
	{
		entity_name = "ambi_LtG23_Spot_Sky_Splash",
		type = LIGHT,
		template_name = "",
		lt_grp = 23,
		srt_grp = 0,
		usr_flg = 0,
		spatialprops =
		{
			pos = { -3.011788, -1.529636, 2005.994019 },
			orient =
			{
				{ -0.904383, 0.006898, -0.426665 },
				{ 0.023343, 0.999172, -0.033324 },
				{ 0.426082, -0.040098, -0.903795 }
			}
		},
		lightprops =
		{
			on = Y,
			color = { 255, 255, 255 },
			diffuse = { 0.658824, 0.690196, 0.741176 },
			specular = { 0, 0, 0 },
			ambient = { 0, 0, 0 },
			direction = { 0, 0, 1 },
			range = 100000,
			cutoff = 60,
			type = L_SPOT,
			theta = 9.999996,
			atten = { 1, 0, 0 }
		}
	},
	{
		entity_name = "ambi_LtG21_Spot_Clouds_Splash",
		type = LIGHT,
		template_name = "",
		lt_grp = 21,
		srt_grp = 0,
		usr_flg = 0,
		spatialprops =
		{
			pos = { -3.011788, -1.529636, 2005.994019 },
			orient =
			{
				{ -0.916659, 0.008088, -0.399589 },
				{ -0.023467, 0.996981, 0.074014 },
				{ 0.398981, 0.077223, -0.913702 }
			}
		},
		lightprops =
		{
			on = Y,
			color = { 255, 255, 255 },
			diffuse = { 0.356863, 0.27451, 0.168627 },
			specular = { 0, 0, 0 },
			ambient = { 0, 0, 0 },
			direction = { 0, 0, 1 },
			range = 100000,
			cutoff = 69.999992,
			type = L_SPOT,
			theta = 9.999996,
			atten = { 1, 0, 0 }
		}
	},
	{
		entity_name = "SET_LtG09_li_01_Cityscape",
		type = COMPOUND,
		template_name = "li_01_cityscape",
		lt_grp = 9,
		srt_grp = 0,
		usr_flg = 0,
		flags = REFERENCE + LIT_DYNAMIC,
		spatialprops =
		{
			pos = { 0, 0, 0 },
			orient =
			{
				{ 1, 0, 0 },
				{ 0, 1, 0 },
				{ 0, 0, 1 }
			}
		}
	},
	{
		entity_name = "ambi_LtG12_Spot_mnts_copy_1",
		type = LIGHT,
		template_name = "",
		lt_grp = 12,
		srt_grp = 0,
		usr_flg = 0,
		spatialprops =
		{
			pos = { -3.011788, -1.529636, 2005.994019 },
			orient =
			{
				{ -0.098147, 0.163507, -0.981648 },
				{ -0.144859, 0.973557, 0.176642 },
				{ 0.984573, 0.159538, -0.071867 }
			}
		},
		lightprops =
		{
			on = Y,
			color = { 255, 255, 255 },
			diffuse = { 0.713726, 0.588235, 0.827451 },
			specular = { 0, 0, 0 },
			ambient = { 0, 0, 0 },
			direction = { 0, 0, 1 },
			range = 200000,
			cutoff = 54.999996,
			type = L_SPOT,
			theta = 1,
			atten = { 1, 0, 2e-010 }
		}
	}
}

qlog('Setting up alternate timeline...')
events =
{
	{
		0,
		ATTACH_ENTITY,
		{
			"gf_rtc_shipcushion_1",
			"Marker_Shipcushion"
		},
		{
			duration = 900,
			offset = { 0, 0, 0 },
			up = Y_AXIS,
			front = NEG_Z_AXIS,
			target_part = "",
			target_type = ROOT,
			flags = POSITION + ORIENTATION
		}
	},
	{
		0,
		START_PSYS,
		{
			"gf_rtc_shipcushion_1"
		},
		{
			duration = 900
		}
	},
	{
		0,
		START_PSYS,
		{
			"rtc_cityscape_rain2_1"
		},
		{
			duration = 45000
		}
	},
	{
		0,
		START_PSYS,
		{
			"rtc_cityscape_rain2_2"
		},
		{
			duration = 45000
		}
	},
	{
		0,
		START_PSYS,
		{
			"rtc_cityscape_rain2_3"
		},
		{
			duration = 45000
		}
	},
	{
		0,
		START_PSYS,
		{
			"rtc_planetlightning_2"
		},
		{
			duration = 45000
		}
	},
	{
		0,
		START_SOUND,
		{
			"Audio_Rain"
		},
		{
			duration = 450,
			flags = LOOP
		}
	},
	{
		0,
		START_SPATIAL_PROP_ANIM,
		{
			"ambi_skydome_clouds_snow"
		},
		{
			duration = 300000,
			target_type = ROOT,
			spatialprops =
			{
				axisrot =
				{
					360,
					Y_AXIS
				}
			},
			param_curve =
			{
				CLSID = "FreeFormPCurve",
				points =
				{
					{ 0, 0, 0, 1 },
					{ 1, 1, 0.882353, 0 }
				}
			},
			pcurve_period = 1000000
		}
	},
	{
		0,
		START_SPATIAL_PROP_ANIM,
		{
			"ambi_skydome_clouds_storm"
		},
		{
			duration = 300000,
			target_type = ROOT,
			spatialprops =
			{
				axisrot =
				{
					360,
					Y_AXIS
				}
			},
			param_curve =
			{
				CLSID = "FreeFormPCurve",
				points =
				{
					{ 0, 0, 0, 1 },
					{ 1, 1, 0.882353, 0 }
				}
			},
			pcurve_period = 1000000
		}
	},
	{
		0,
		START_MOTION,
		{
			"SET_LtG09_li_01_Cityscape"
		},
		{
			animation = "Sc_li_01_manhattan_cityscape",
			duration = 100000,
			time_scale = 1,
			weight = 1,
			trans_scale = 1,
			event_flags = 2
		}
	},
	{
		0,
		ATTACH_ENTITY,
		{
			"Audio_Rain",
			"Camera_0"
		},
		{
			duration = 450,
			offset = { 0, 0, 0 },
			up = Y_AXIS,
			front = NEG_Z_AXIS,
			target_part = "",
			target_type = ROOT,
			flags = POSITION + ORIENTATION
		}
	},
	{
		0,
		START_FOG_PROP_ANIM,
		{
			"ambi_Layer_li_01_city_Day"
		},
		{
			duration = 0,
			fogprops =
			{
				fogon = Y,
				fogcolor = { 75, 67, 52 },
				fogmode = F_LINEAR,
				fogstart = 6000,
				fogend = 35000.101563,
				fogdensity = 0
			}
		}
	}
}

end

qlog('Finished...' .. "\n\n")